3.204627,

1.001961,

1.002169,

1.002667,

1.002003,

1.0015,

1.003662,

1.002282,

1.002306,

1.005313,

1.003775,

1.003811,

1.002659,

1.002834,

1.00293,

1.001536,

1.002797,

1.006459,

1.00291,

1.002979,

1.002721,

1.002598,

1.004034,

1.002793,

1.002507,

1.00124,

1.00277,

1.001455,

1.00235,

1.002624,

1.002706,

1.002939,

1.003177,

1.002895,

1.002644,

1.00333,

1.002712,

1.005012,

1.002763,

1.002814,

1.002574,

1.003756,

1.002818,

1.002687,

1.002773,

1.00147,

1.002186,

1.002631,

1.00349,

1.006382,

1.005458,

1.002568,

1.001665,

1.010015,

1.017006,

1.016241,

1.016785,

1.017176,

1.017023,

1.016672,

1.016681,

1.017444,

1.016669,

1.016373,

1.017713,

1.016227,

1.016618,

1.017365,

1.016083,

1.016576,

1.016915,

1.016298,

1.016682,

1.017201,

1.017183,

1.016571,

1.017325,

1.016438,

1.016487,

1.017126,

1.017064,

1.016986,

1.015145,

1.017831,

1.01721,

1.016725,

1.017457,

1.016589,

1.015728,

1.016885,

1.017091,

1.017867,

1.016371,

1.016374,

1.017514,

1.01587,

1.016843,

1.017454,

1.016767,

1.016992,

1.016828,

1.016417,

1.017646,

1.01662,

1.015753,

1.016817,

1.018026,

1.016861,

1.017475,

1.015938,

1.016561,

1.017251,

1.016475,

1.016718,

1.016022,

1.017523,

1.017148,

1.017429,

1.016349,

1.016917,

1.016772,

1.016969,

1.016485,

1.01662,

1.017156,

1.017273,

1.016524,

1.016822,

1.016946,

1.016647,

1.01681,

1.016528,

1.016588,

1.017224,

1.016993,

1.016419,

1.017065,

1.016918,

1.016645,

1.01674,

1.016808,

1.017111,

1.017077,

1.016761,

1.016933,

1.016355,

1.017089,

1.016623,

1.017059,

1.01643,

1.016987,

1.017037,

1.017005,

1.015619,

1.017731,

1.0168,

1.017086,

1.016439,

1.016688,

1.017335,

1.016913,

1.016747,

1.016264,

1.01583,

1.018698,

1.016293,

1.017269,

1.01622,

1.016877,

1.016518,

1.017113,

1.016763,

1.016895,

1.015513,

1.018003,

1.016602,

1.016982,

1.01649,

1.0175,

1.0168,

1.016802,

1.016799,

1.016981,

1.016744,

1.016494,

1.016859,

1.016638,

1.017106,

1.016987,

1.015929,

1.017309,

1.016863,

1.016789,

1.016982,

1.016827,

1.01669,

1.016591,

1.017212,

1.016637,

1.016451,

1.017107,

1.017662,

1.015936,

1.017109,

1.016898,

1.016221,

1.016417,

1.017351,

1.016835,

1.016783,

1.017061,

1.01684,

1.017141,

1.016848,

1.016167,

1.016966,

1.016792,

1.016532,

1.017091,

1.017114,

1.016604,

1.017127,

1.015465,

1.017946,

1.016658,

1.016893,

1.017151,

1.016782,

1.016617,

1.016019,

1.018092,

1.016356,

1.015698,

1.017459,

1.017841,

1.015637,

1.017383,

1.016905,

1.017304,

1.016093,

1.016955,

1.016739,

1.017458,

1.015919,

1.017054,

1.01743,

1.016529,

1.016286,

1.017061,

1.016435,

1.017041,

1.01684,

1.016839,

1.017158,

1.016775,

1.016347,

1.017152,

1.01654,

1.016962,

1.016907,

1.016673,

1.016663,

1.016859,

1.017112,

1.016781,

1.016746,

1.016796,

1.016743,

1.017159,

1.016589,

1.017012,

1.016642,

1.017175,

1.016362,

1.016688,

1.016853,

1.01713,

1.016179,

1.017118,

1.016876,

1.017478,

1.015142,

1.018137,

1.016332,

1.016831,

1.016981,

1.01717,

1.016884,

1.016642,

1.016719,

1.016777,

1.015677,

1.018195,

1.016051,

1.017209,

1.016724,

1.016793,

1.016111,

1.017698,

1.016456,

1.017143,

1.016435,

1.016906,

1.017264,

1.016587,

1.017206,

1.016852,

1.016488,

1.016844,

1.016468,

1.016596,

1.017153,

1.017092,

1.016558,

1.01694,

1.016883,

1.015626,

1.01757,

1.016509,

1.017303,

1.016809,

1.016668,

1.016695,

1.017284,

1.015677,

1.017646,

1.017011,

1.016516,

1.017167,

1.016449,

1.01718,

1.017029,

1.016285,

1.01695,

1.016734,

1.01687,

1.017107,

1.016477,

1.017172,

1.015902,

1.016687,

1.017621,

1.017026,

1.017158,

1.016448,

1.016652,

1.016784,

1.016792,

1.016841,

1.017051,

1.015358,

1.01819,

1.01561,

1.017637,

1.016875,

1.016592,

1.01711,

1.016892,

1.016739,

1.016669,

1.015922,

1.018158,

1.016774,

1.016873,

1.016627,

1.016728,

1.016789,

1.016866,

1.016663,

1.016848,

1.016669,

1.016767,

1.017207,

1.016548,

1.01687,

1.016617,

1.016712,

1.017056,

1.016781,

1.017002,

1.01684,

1.016426,

1.016434,

1.017214,

1.017327,

1.016427,

1.016883,

1.017427,

1.016348,

1.016385,

1.017345,

1.016684,

1.016548,

1.016758,

1.017156,

1.016244,

1.016869,

1.028917,

1.004464,

1.017734,

1.015201,

1.016703,

1.017829,

1.01691,

1.017111,

1.017051,

1.016583,

1.016775,

1.016718,

1.015665,

1.018144,

1.015442,

1.017807,

1.016738,

1.017274,

1.016951,

1.016664,

1.016851,

1.016561,

1.015653,

1.018144,

1.016635,

1.016865,

1.016598,

1.016719,

1.017201,

1.016418,

1.016575,

1.017114,

1.016862,

1.017146,

1.01631,

1.017127,

1.016572,

1.016446,

1.017068,

1.017002,

1.016605,

1.016965,

1.016641,

1.016967,

1.016798,

1.016989,

1.017127,

1.016508,

1.016679,

1.017346,

1.016471,

1.016799,

1.016811,

1.016311,

1.016088,

1.01808,

1.016666,

1.016754,

1.016585,

1.017029,

1.016836,

1.016766,

1.016819,

1.016906,

1.016487,

1.016829,

1.01709,

1.016847,

1.016862,

1.016781,

1.016788,

1.015546,

1.017971,

1.015578,

1.018053,

1.016383,

1.017183,

1.016857,

1.016994,

1.01659,

1.016872,

1.015736,

1.017906,

1.016477,

1.017183,

1.017268,

1.016273,

1.017138,

1.016925,

1.016272,

1.016774,

1.016538,

1.017453,

1.016488,

1.016703,

1.016715,

1.016904,

1.016492,

1.017452,

1.016821,

1.016091,

1.017286,

1.016956,

1.016857,

1.016847,

1.01662,

1.016837,

1.016722,

1.016816,

1.01659,

1.017134,

1.01698,

1.01692,

1.016351,

1.017094,

1.016538,

1.017086,

1.015824,

1.017286,

1.016818,

1.01595,

1.017752,

1.016761,

1.017665,

1.016598,

1.016013,

1.017107,

